                Sum     Count   Average
State                                  
AA         0.283588       9.0  0.031510
AE        35.315906     205.0  0.172273
AK       264.673043    1083.0  0.244389
AL      1486.339400    5805.0  0.256045
AP        17.491686     131.0  0.133524
AR      1084.320685    4243.0  0.255555
AS        -0.467039       2.0 -0.233519
AZ      2730.085156   11310.0  0.241387
CA     22921.265252  106592.0  0.215037
CO      4627.351086   19994.0  0.231437
CT      2963.490376   10940.0  0.270886
DC      1095.793316    5638.0  0.194359
DE       765.965319    3118.0  0.245659
FL      7230.832704   28470.0  0.253981
GA      4536.999167   21073.0  0.215299
GU         8.463550      24.0  0.352648
HI       311.830867    1580.0  0.197361
IA      2667.252478    9275.0  0.287574
ID       856.596644    3254.0  0.263244
IL      8063.508705   31659.0  0.254699
IN      4249.413062   15539.0  0.273468
KS      1659.305361    5940.0  0.279344
KY      2498.175418    9438.0  0.264693
LA      1196.796575    5336.0  0.224287
MA      7782.245335   30561.0  0.254646
MD      4906.981665   21527.0  0.227945
ME       939.320701    3735.0  0.251491
MH         0.593566       1.0  0.593566
MI      5739.885257   21535.0  0.266538
MN      5416.003675   19925.0  0.271820
MO      3483.697105   13319.0  0.261558
MP         1.234879       2.0  0.617440
MS       624.518918    2691.0  0.232077
MT       409.936082    1729.0  0.237094
NC      5538.328840   22822.0  0.242675
ND       375.313094    1270.0  0.295522
NE      1347.727166    4747.0  0.283911
NH       957.233216    3370.0  0.284045
NJ      4915.591841   18317.0  0.268362
NM       692.899825    3145.0  0.220318
NV       872.746194    3860.0  0.226100
NY     12252.921537   50014.0  0.244990
OH      8218.284105   30564.0  0.268888
OK      1256.658489    5028.0  0.249932
OR      3285.899957   15558.0  0.211203
PA      8390.077126   30999.0  0.270656
PR        48.714471     230.0  0.211802
PW         0.316922       1.0  0.316922
RI       900.279849    3490.0  0.257960
SC      1838.431330    7289.0  0.252220
SD       511.861195    1715.0  0.298461
TN      2449.284830    9934.0  0.246556
TX      9451.520431   40575.0  0.232940
UT      2307.993981    9103.0  0.253542
VA      5604.167686   22485.0  0.249240
VI         2.672664      35.0  0.076362
VT       896.043914    3325.0  0.269487
WA      6474.604960   29061.0  0.222794
WI      5154.879282   18375.0  0.280538
WV       568.794490    2056.0  0.276651
WY       153.207604     645.0  0.237531